85,35
0,496
0,703
13,46
0,702
0,701
0,700
0,699
0,698
0,697
0,696
0,695
13,43
0,694
13,1
0,693
13,16
0,692
0,691
13,2
0,690
0,689
13,5
0,688
0,687
16,8
0,686
16,1
0,685
16,6
0,684
16,2
0,683
0,682
16,5
0,681
8,7
0,680
0,679
8,6
0,678
8,2
0,677
8,1
0,676
0,675
8,5
0,674
0,673
0,672
0,671
0,670
0,669
5,6
0,668
0,667
5,2
0,666
5,1
0,665
0,664
5,5
0,663
0,662
6,6
0,661
6,2
0,660
6,1
0,659
0,658
6,5
0,657
0,656
0,655
0,654
0,653
0,652
0,651
0,650
0,649
0,648
0,647
0,646
0,645
2,2
0,644
0,643
2,1
0,642
0,641
2,5
0,640
0,639
0,638
0,637
0,636
0,635
0,634
0,633
0,632
0,631
0,630
0,629
0,628
0,627
0,626
0,625
0,624
0,623
0,622
0,621
0,620
0,619
0,618
0,617
0,616
0,615
0,614
0,613
0,612
0,611
0,610
0,609
0,608
0,607
0,606
0,605
0,604
0,603
0,602
0,601
0,600
0,599
0,598
0,597
0,511
0,364
0,340
0,308
0,305
0,10
0,311
0,310
0,0
0,307
0,306
0,13
0,339
0,11
0,9
85,34
85,33
85,32
85,31
85,30
85,29
85,28
85,27
85,26
85,25
85,24
85,23
85,22
85,21
85,20
85,19
85,18
85,17
85,16
85,15
85,14
85,13
85,12
85,11
85,10
85,9
85,8
85,7
85,6
85,5
85,4
85,3
85,2
85,0
0,484
0,469
0,303
0,483
0,468
0,302
0,467
0,301
0,466
0,300
0,482
0,465
0,299
0,481
0,464
